start time is: 2022-10-10 01:17:52
the lenth of train_dataset is 148374854
the lenth of valid_dataset is 16860447
epoch: 0, loss = 0.000032166
R2_valid: -0.096253424, valid_loss_mse: 0.004111011, valid_loss_rmse: 0.064117163
epoch: 1, loss = 0.000038756
R2_valid: -0.028055248, valid_loss_mse: 0.003855263, valid_loss_rmse: 0.062090762
epoch: 2, loss = 0.000044830
R2_valid: -0.051455777, valid_loss_mse: 0.003943019, valid_loss_rmse: 0.062793463
